          10
         100
           1
   2.9572773724794387E-004
   99.756203050252452     
  -7.9879123052855730E-002
  -1.1499632369243759E-003
   56.725788290366211     
  -5.9966052709641171E-002
  -8.7339210210263710E-002
   96.594946012062877     
   8.1183138157209192E-002
  -4.1777837782434944E-004
   74.817975778596079     
  -9.0217171478486666E-002
  -1.9244390837271804E-002
   36.802350647738102     
 -0.13086866516875989     
   1.3286233250489218E-002
   48.115626185597677     
  -2.4444810056350207E-002
  0.11240833376058644     
   7.4680509370350538     
  0.12723176231417307     
 -0.26385989836461798     
  0.63498740484495197     
  0.30175825577894699     
  -1.2006962094995621     
   34.773420722949744     
   7.1736469865164534E-002
  0.11474844949589844     
   34.290157225676225     
  0.11765230591590553     
   6.8771521464065205E-002
   21.873377461213416     
  0.13219488945727362     
  0.10794468902072303     
   13.402724960364564     
   1.7188814869517521E-002
 -0.21749132649586017     
   90.062398990747056     
   8.1374825384515265E-002
  -2.1145134863435725E-002
   38.737924444694620     
   3.3343571107841634E-002
 -0.12379955224200845     
   44.603680709846024     
  -1.8517247701684912E-002
 -0.11803647147178560     
   66.227024871494692     
   4.9241340161219012E-002
   8.4786796139169909E-002
   1.7092192130128774     
  0.57828356787536395     
 -0.27902239245592630     
   65.120398126781282     
   9.8688922978678401E-002
  -6.1158129691243511E-003
   64.676241665834155     
   8.6783945631529219E-002
  -4.8089574877383273E-002
   32.366430364961523     
   2.4655436047093988E-002
 -0.13808794906085048     
   85.583671048244597     
   1.7548238971640364E-003
   8.6231474683954631E-002
   40.188563244445014     
  0.12459752919129569     
   1.7887172110919648E-002
   20.766745488953820     
  0.15987103024232102     
  -7.1579217834623066E-002
   96.857092475238332     
   7.8411742055112199E-002
   2.0606682077698908E-002
   59.880113478381652     
   5.7307696818704928E-002
   8.5723462753408614E-002
   67.330775204348697     
  -5.3087126816709823E-002
   8.1471757270978398E-002
   45.742542836228914     
   9.8184015461813087E-002
  -6.5420540375289507E-002
   33.068510844980139     
  0.10682745031435126     
  -8.8577832980910168E-002
   10.128254357567512     
   1.1311446065619280E-002
  0.25090961484994773     
   75.569785145496709     
  -5.2496983812587168E-002
  -7.5291985918254922E-002
   60.608757371325169     
  -1.4229662224902014E-002
  0.10150048066173994     
   71.932886549504445     
   8.4010829115350974E-002
   4.2343980653375336E-002
   89.743726928264337     
   7.0778914551006641E-002
  -4.5655534641851625E-002
   65.857089136062655     
   7.6778152091618312E-002
   6.1421792065318497E-002
   15.156612029297454     
  0.19828467749697401     
   5.2480976208981289E-002
   61.270259009170339     
  -7.3177102525020229E-002
   7.0968336729071685E-002
   97.868157789401437     
   2.4049192386999034E-002
   7.6985468188778314E-002
   99.914312715737637     
  -7.8639483107464381E-002
  -1.3701403036405707E-002
   25.754118819697716     
  -2.3419259726383566E-002
 -0.15551410965478443     
   55.131453775206545     
  -8.7149231506674849E-002
   6.2878786350769683E-002
   65.938847037574419     
   7.1461689175322876E-002
   6.7444490392262829E-002
   55.445113026141883     
 -0.10200690970679388     
   3.2832487812878230E-002
   97.778233851084096     
   3.0879461720583971E-002
   7.4549097003577813E-002
   90.202138115599453     
   8.3462017091911769E-002
  -9.5978395732967785E-003
   65.826675973579071     
   7.8628394852399724E-002
   5.9072532121090218E-002
   72.912964989116404     
   1.1550148961744177E-002
   9.2727765689982658E-002
   40.305280979821191     
  0.12149127813870622     
   3.2225148561397750E-002
   92.869903549088335     
  -6.8870752409186775E-002
   4.5957379067345788E-002
   14.868735485384757     
  0.20700992356342757     
  -5.9341827800158233E-003
   67.485476976472427     
  -6.4931259960356355E-002
   7.2236706477765186E-002
   76.984469496662030     
   6.5597193993550670E-002
  -6.2984033351425522E-002
   33.998322959363932     
  0.13302857198070689     
   3.2163699788688979E-002
   11.670303609404414     
 -0.23315668676133669     
   1.8372765192262774E-002
   61.475481517715295     
  -8.5958831668160485E-002
   5.4477299083117235E-002
   82.079652232636604     
  -3.2878882826358459E-002
  -8.1703931567148780E-002
   94.714756126814166     
  -2.5358752663935977E-002
  -7.7965742132863891E-002
   73.139752320170146     
  -9.5789161409556307E-003
   9.2806302909184041E-002
   49.810630255657586     
 -0.10666099885713591     
  -3.7498849425771474E-002
   37.542693904641332     
 -0.10454309562270327     
  -7.7668984861359799E-002
   42.208435014852903     
  -6.8458856665284756E-002
  0.10197705567096448     
   55.335013521752920     
  -9.7879576620181208E-002
   4.3884214902910439E-002
   99.792135989892614     
  -7.9771885356076808E-002
  -4.0180633443548221E-003
   99.040435329347176     
  -6.1252124573114054E-002
   5.1732971251966506E-002
   74.656334565200225     
  -9.2237958941418383E-002
  -4.4799795243472456E-003
   95.380530268623090     
   2.8113076618538919E-002
  -7.6710204181081057E-002
   9.4181415643104280     
  0.17804883915976377     
  0.19020133357590266     
   73.428966342872698     
  -3.5577328334071526E-002
   8.6050735284778676E-002
   75.200985430970036     
  -7.6294765310053275E-002
  -5.1431970414270535E-002
   94.690165717032272     
  -2.7271563557082500E-002
  -7.7328719355681988E-002
   70.647018688790212     
   6.4840004913084365E-002
  -6.9337771348952248E-002
   81.399585681601664     
  -7.7262580266575689E-002
  -4.3033217334746202E-002
   55.903592507695834     
 -0.10556865566512565     
  -1.5634578076228804E-002
   6.2643871298202747     
 -0.21712902184944691     
 -0.23543631834629192     
   48.090039940517499     
  -2.1567220913075100E-002
  0.11302690032917966     
   59.809208242413298     
   6.3273725254322913E-002
   8.1496796333796903E-002
   13.839438691749953     
  0.10568520522993556     
 -0.18687074469581319     
   58.780780520627538     
  0.10335479332415133     
  -1.2221651112439069E-002
   52.044829465348336     
   9.3141146546741133E-002
  -5.9653685944448552E-002
   88.599246646814493     
  -1.2375370395145198E-002
  -8.3860474992578343E-002
   30.450636181849831     
 -0.14259439512691277     
   2.4122637148202328E-002
   66.998764666828606     
  -2.3693818980544259E-002
   9.4558761725064416E-002
   66.527515143823990     
   2.1891814989487189E-002
   9.5345840584008204E-002
   50.417322249854244     
  -6.5854384017648385E-002
  -9.1060787887772415E-002
   26.231354529151499     
   5.0126829053410836E-002
 -0.14754636625319167     
   7.7482942009306548     
  0.19126024882960760     
 -0.21468066929982590     
   10.214841313163427     
  -1.0307221220622942E-002
  0.24987763254804474     
   54.971647398213008     
  -7.6145036848121933E-002
   7.6054223812566810E-002
   37.620936254332847     
  -9.8052055120278814E-002
  -8.5511575846813057E-002
   1.6134353076443790     
  0.57119199152335598     
 -0.33902760356487660     
   79.312253062836447     
   7.3768147003072041E-004
   8.9591774698710935E-002
   62.125666735664971     
 -0.10086620381561091     
  -8.6194607511317703E-003
   77.382997385112262     
   8.4678525812774200E-002
  -3.2510479167767121E-002
   95.362718022525613     
   2.6744862448095423E-002
  -7.7205956278973156E-002
   11.513012776176348     
 -0.22898101412092420     
   5.4942998555888349E-002
   31.914418023268805     
  -3.8381322347862609E-002
 -0.13594825655620316     
   59.722302637733705     
   7.0158862935584751E-002
   7.5753019382641354E-002
   4.9104749702976003     
 -0.31620074694848399     
  0.17779418489641780     
   11.509157224932364     
 -0.22880660906371764     
   5.5832365478986158E-002
   21.674895425694594     
  0.15156200251296234     
   8.0147698934772443E-002
   10.147281910033932     
   6.5465169619903047E-003
  0.25084176648262818     
          10
   5.9964917600154873E-005
   74.268460697439110     
  -2.9974822285262426E-002
   8.8045079646245666E-002
   247.61487798796009     
   2.0494059809866585E-002
  -4.6401456378301884E-002
   443.94088252948654     
   3.6144887694631929E-002
   1.1310587132590673E-002
   209.15920568120552     
  -1.6503194860829903E-002
  -5.2676650237926274E-002
   567.43134439209086     
  -1.0652645414085109E-002
  -3.1758898920351566E-002
   25.288087296820368     
  -3.3464128574254681E-002
 -0.16209434143227042     
   420.87028649414555     
  -2.7924801402221873E-002
   2.7078747857206726E-002
   398.45517109286624     
   1.4957656529389501E-002
  -3.7074122948638932E-002
   976.60884006659592     
   1.0177275081164250E-002
  -2.3416337818644016E-002
   692.91242795983919     
  -1.5118795357344476E-002
  -2.6273119944656954E-002
   5.9384241192905947     
   6.3954983491954429E-003
  -6.2401068025913018     
   130.79111141273876     
  -7.7733275190466737E-004
   6.9864889373228461E-002
   47.730482375644286     
   7.5331097213754999E-002
   8.9245469165316171E-002
   839.93796354348603     
   2.5285826943378015E-002
   1.0891152413435917E-002
   678.81033338915825     
  -2.7085388320995434E-002
   1.4294390038734813E-002
   582.36886595809563     
   2.9412765326215045E-002
   1.5106475494367798E-002
   733.79239353731521     
   1.3782620445105590E-002
   2.6032566575347610E-002
   116.92670192480526     
   6.9953943871710722E-002
   2.3896032616347519E-002
   840.45935497292123     
   1.6496970840255823E-002
   2.2031112120638300E-002
   835.16097756922807     
  -9.2713992002345612E-003
   2.6007068311858322E-002
   746.78985989233058     
   1.6636079253190043E-003
   2.9151050957872640E-002
   843.35769217523955     
  -2.1284650659623913E-002
  -1.7374690989724859E-002
   529.31016243363069     
  -2.3370530989763938E-002
  -2.5627471253237548E-002
   665.81918181485923     
  -1.9004693812095092E-002
   2.4394145567389371E-002
   731.00583266999092     
  -3.8734251173877447E-003
  -2.9256790747708667E-002
   411.19365938558138     
   2.0627089471747993E-002
  -3.3514232487903556E-002
   356.36587456847928     
   3.1769031616407629E-002
   2.7890005846955841E-002
   735.64166528568956     
  -2.8781092756240571E-002
   6.0928085406069844E-003
   471.84634716027654     
  -3.6639885785254386E-002
   2.6516100411694346E-003
   463.16280891429437     
   2.9040500980041746E-002
   2.3053727648282157E-002
   759.93201548861066     
  -1.4322383665615461E-002
   2.5153016092111739E-002
   702.75695984614413     
   3.1074885359175055E-003
   2.9938670216686714E-002
   258.70784267619007     
  -4.3438494248510977E-002
  -2.3993752283180743E-002
   937.76732752191958     
  -1.7381515649165187E-002
  -1.9411051757873572E-002
   456.64748042093760     
   3.3779629026206279E-002
   1.5918124557244354E-002
   808.68080770978531     
   2.3656338462038361E-002
   1.5088742314109758E-002
   908.93920493587711     
   2.5372793977526321E-002
   7.5274325067223626E-003
   695.18178666019060     
   2.9794752230912391E-002
   5.3035275706434064E-003
   220.26901778602721     
  -5.2700957431137285E-002
   1.0759956827884738E-002
   855.09960136687982     
  -2.7016884655481545E-002
   3.8257720006357370E-003
   744.65229299382838     
   2.3737034957947743E-002
  -1.7074901806722408E-002
   301.81194820924702     
  -4.2294203110389346E-002
   1.7935500601227068E-002
   672.29657675310125     
  -2.3227895899265653E-002
   2.0186686156945268E-002
   619.09532234200753     
   2.8093101917620399E-002
  -1.5466674061190271E-002
   967.60603779139819     
  -1.8970841104427490E-002
   1.7264850484401718E-002
   990.24906347127296     
   2.5258546334471995E-002
  -2.2197017478547991E-003
   338.66851042803455     
  -1.3195232343915248E-002
   4.1309518664078844E-002
   920.84648034062479     
   2.4501398166928347E-002
  -9.5427497644290545E-003
   339.73426661718560     
  -4.2465921439619490E-002
   8.4457934916571716E-003
   931.01258653622574     
  -2.4386824990717534E-002
  -9.4400736180941542E-003
   546.98202242867160     
  -3.2058004552633329E-002
   1.1677130149376625E-002
   466.04707673247236     
  -3.3855989645535690E-002
  -1.4835248388791824E-002
   177.73718177602510     
  -1.5832860172887427E-002
  -5.7764978753657013E-002
   378.61610340307129     
  -2.3139536411815438E-002
  -3.3861274001954891E-002
   176.04540219994541     
  -5.5759784601968225E-002
   2.2647399345619088E-002
   357.50140923372118     
  -1.1857267219735589E-002
   4.0507383442048191E-002
   666.01074866558520     
  -2.3297832871808484E-002
   2.0327041013295025E-002
   618.93071880494961     
   2.5182764650699293E-002
  -1.9863089627693002E-002
   469.47829653575360     
   2.8124318034373295E-002
   2.3776985119519013E-002
   316.93560916110954     
   2.4474781481347862E-002
  -3.7558693192586229E-002
   269.61102878159215     
  -1.9129218373654767E-002
   4.4687218317850663E-002
   200.72132258098267     
  -3.6014405979609872E-002
   4.3342311010935913E-002
   416.01254834499548     
  -3.0984376463773423E-002
  -2.3889316407965381E-002
   979.32361042139030     
   4.3268576047012511E-004
   2.5493278940240921E-002
   543.66837728797657     
   2.9685024299243162E-002
  -1.7028438813733060E-002
   130.38875699922926     
   2.6607915654361932E-002
   6.4721546573492023E-002
   804.93692212587189     
  -2.8107442181655742E-002
   9.6258465440312679E-004
   845.97520347226975     
   2.7081320045696401E-002
   4.3797546953169252E-003
   709.32380464904429     
  -5.3512453515726791E-003
   2.9478050991520632E-002
   529.44428723110559     
  -1.9731831632638287E-002
  -2.8518397025383450E-002
   664.17702681435787     
   2.5715612275963983E-002
   1.7243110113617482E-002
   900.83851851076599     
   1.1212899309978365E-003
  -2.6560930484792772E-002
   941.22310316041001     
   1.0517184437190654E-002
   2.3786590957097058E-002
   115.30584286995897     
   2.0938649668000429E-002
  -7.1439063743910527E-002
   866.80092240721171     
  -1.4494318237621462E-002
   2.2900021816332883E-002
   632.73570564139823     
   2.6723432214704971E-002
   1.7091578769578009E-002
   243.54493683209412     
   2.4928355658292295E-002
   4.4662627720765929E-002
   161.23538523134039     
   5.4005569669171583E-002
   3.2239452758096823E-002
   22.214418492509633     
  -2.6670914326580170E-002
  0.17707002700111543     
   191.06373944354803     
   2.6318468492065827E-002
  -5.1418630235849097E-002
   313.02778931533675     
   8.3744508270433057E-003
   4.4324405762735983E-002
   809.83791874366887     
  -4.3008928012254833E-003
   2.7706853776648860E-002
   574.14477150622406     
   3.5095786181026101E-003
  -3.3115927883998378E-002
   826.43441052947628     
   2.3954728305947710E-002
  -1.4019566280646559E-002
   287.16841874748121     
   3.6864249584711670E-002
   2.9313060189459460E-002
   161.35426113152991     
   4.9791294900620169E-002
   3.8391211018613307E-002
   331.59319008683769     
   2.0230815616184960E-002
   3.8877595889124331E-002
   266.58751864689509     
   2.4486764333295975E-002
  -4.2309678708968686E-002
   545.23634688297705     
   1.7095458286789923E-002
   2.9589602382935180E-002
   553.96679599910408     
  -3.1834107888720292E-002
  -1.1660979039108147E-002
   22.593221317292613     
  -8.3197529146275442E-002
  0.15644575015851067     
   149.59931097339461     
   5.1038386221242196E-003
   6.5107334385758164E-002
   105.79847285556389     
  -1.8590835602627562E-002
   7.5489445457320545E-002
   614.59955273721766     
   9.0820980698153621E-003
   3.0878485295292735E-002
   406.88469058541642     
   2.2804916843168644E-002
   3.2326876719563087E-002
   901.62675804908315     
   1.9615869656845464E-002
  -1.7925959928347467E-002
   942.89526191653556     
  -2.4706026515854556E-002
   8.0514362487032008E-003
   157.46323529367444     
  -6.3418944247491088E-002
   5.4007590814017375E-003
   937.02242036475127     
  -2.5947060433854044E-002
  -2.4891453223978488E-003
   136.33749854345575     
   4.6199242608393053E-002
   5.0474237476480589E-002
         100
   8.3929970860481258E-005
   3719.1090109755887     
   1.3082492426201004E-002
   2.9265626390324352E-004
   3221.8971386473286     
   1.1521479829716822E-002
  -8.0586804358043045E-003
   7152.4928130194667     
  -5.0975911973584805E-003
   7.9391411914355309E-003
   7299.7806971847849     
   1.7611518197137980E-003
  -9.1715503763401870E-003
   3792.1419471069894     
  -9.2783685920275454E-003
  -9.0470411171194361E-003
   8291.0547286746332     
  -8.5715985253611918E-003
  -1.8213223046428728E-003
   9537.1071129490356     
   4.2110285609314613E-003
  -7.0016271049630615E-003
   3091.1083482768108     
   1.1737657343755495E-002
   8.2636068431281868E-003
   5801.6087893111162     
  -7.0203402037129553E-003
   7.7757777708546633E-003
   2342.1542316721466     
   1.6367056965943847E-002
  -2.0437769587114650E-003
   8445.5906460481419     
   6.0726423423294899E-003
   6.2054211319557406E-003
   2588.7433479313413     
   5.4317189947480039E-003
   1.4717287976622976E-002
   8399.0389174097691     
  -1.7223789978602114E-003
  -8.5343730718945941E-003
   5381.1861944503080     
  -1.0619687461580294E-002
   2.3552917345484002E-003
   6219.4880676299690     
   6.7014646959847653E-003
  -7.5804006657549591E-003
   4913.3389440209949     
   1.1301793790830865E-002
   1.3660104337069416E-003
   2855.5754308039786     
  -1.0042162321090779E-002
  -1.1055813998162359E-002
   2363.2362310098429     
  -8.1356335454047003E-003
   1.4263158691022584E-002
   6517.2854596387215     
  -3.2895790837571476E-004
   9.8785133202133682E-003
   6075.6317003006270     
   1.0087836850909634E-002
  -1.7413287339574578E-003
   3987.4770539930369     
  -3.8100977574713336E-003
  -1.2049405115683831E-002
   8489.4589704380942     
   6.7381994420932954E-003
   5.4397896064303690E-003
   6379.7936699116663     
  -7.0830898248865296E-003
   7.0447845450901693E-003
   2595.6451279968383     
  -4.0260259862298226E-003
   1.5140604203157274E-002
   3594.7215755679322     
   2.9778296788972557E-003
   1.2973033065603403E-002
   5622.6828202226916     
   8.3794081551348282E-003
  -6.5594908095476696E-003
   1223.4704100097667     
   4.1144146873208854E-004
   2.2845499260979889E-002
   9784.9091702911774     
  -1.1610069203485504E-003
   7.9822834327473308E-003
   3838.2315148909006     
   1.2388594115679051E-002
  -3.5272995882545594E-003
   7209.7805922581756     
  -9.0656199909892703E-003
   2.4743674135521308E-003
   3589.0576057765111     
  -5.1355810810001876E-003
   1.2291162341411914E-002
   9099.7169052671725     
   1.1850493167571412E-003
   8.2801132825126474E-003
   5441.4354459366405     
   1.0232072484979916E-002
   3.5098825951398391E-003
   9597.1572159265706     
  -6.3700903684904744E-003
   5.0754066458716472E-003
   9295.4342464406909     
  -5.8489044869268628E-003
   5.8550526844647040E-003
   6336.8752749916448     
  -9.6150878774177318E-003
  -2.8329001821649972E-003
   2963.1336579822118     
  -8.3363432957247389E-004
  -1.4638111187515632E-002
   1755.6482439336405     
  -1.8283806609431128E-004
  -1.9056982404829906E-002
   8427.3601762766211     
   1.3351195412391848E-003
   8.5886430819534197E-003
   6189.7106464315239     
   7.0987501530965424E-003
   7.2437882996615579E-003
   7061.8699436003026     
   8.2973992874755646E-003
  -4.6163946571456359E-003
   2431.9749579336676     
  -1.3294900759042334E-003
   1.6131482297348849E-002
   7981.6308630369167     
  -2.2594237876605544E-003
   8.6407105026370425E-003
   3916.2299885360685     
  -8.4669887957019782E-003
   9.5353271691985594E-003
   1108.4932981198590     
   2.3899320491254206E-002
   2.3419281332138350E-003
   7539.3424629868387     
   7.5733990858858910E-003
  -5.2048774187059806E-003
   307.67380384904891     
  -4.4722494197348819E-002
   1.3704741419233089E-002
   7009.6012828436733     
  -7.6672106805627371E-003
  -5.6607626788287065E-003
   5256.7816380426384     
  -5.3526545349498449E-003
  -9.6164172490291241E-003
   7528.0726373579237     
   7.0608759089193255E-003
   5.8921640395343906E-003
   6480.3021112360411     
  -6.7813491114686111E-003
   7.2293993295068377E-003
   8712.1367825025063     
  -8.1943691460546909E-003
  -2.4351336604079054E-003
   8308.9057744007659     
  -6.1584264904231229E-003
   6.2207956949318034E-003
   9572.2326006328367     
  -7.2957625422377459E-003
   3.6445034058863357E-003
   2230.4516860395697     
   3.2466073985021934E-003
   1.6588210687515960E-002
   5799.1330239659519     
   1.0326871018033852E-002
  -1.7749645037105340E-003
   9907.6974738199442     
   3.1532911037452163E-003
  -7.3698776123542406E-003
   8401.2738619961656     
   7.7815621211201266E-003
   3.9024653773674796E-003
   1756.3065746155937     
   1.1495988746974897E-002
  -1.5195646285586766E-002
   7098.3220971530982     
  -1.7655249083818787E-003
  -9.3047178571998325E-003
   3022.4918463105309     
   5.9473711763474374E-003
   1.3242794472264605E-002
   260.16512156628551     
  -3.7449266959456579E-002
   3.5329119917165183E-002
   9168.2294903825477     
   5.6723655216969152E-003
   6.1045877318789462E-003
   6891.1776463356346     
   3.2984494736436679E-004
  -9.6063929311360954E-003
   7570.0104175545466     
   1.9835847741075771E-003
  -8.9537890540380433E-003
   9327.9531718144863     
  -7.8545000571316938E-003
  -2.5611235608698777E-003
   559.54905878254192     
  -2.1002706945652403E-002
   2.6743957370665393E-002
   4994.5099552389947     
   1.0370323543107927E-002
  -4.4660784252752370E-003
   604.39487540984999     
  -2.4793633929626802E-002
   2.1291154382005718E-002
   1726.9422903512716     
   7.3738713844277871E-003
   1.7745012494601264E-002
   6886.7364161307369     
   9.1686401173389342E-003
   2.8960691943101264E-003
   3073.1391855402771     
   9.7133609314650402E-004
   1.4363928568381343E-002
   7354.5500103981640     
  -9.3015979973602933E-003
   2.2277026923383982E-004
   7524.1624806882883     
  -9.1744105770381959E-003
   6.6911522631428444E-004
   3963.2530561644398     
   7.2632520697908784E-003
  -1.0388789095602745E-002
   886.97241593892727     
   2.4936400454493402E-002
  -1.0026271077560699E-002
   499.14015134694671     
   3.1087167136625099E-002
  -1.8314310357733076E-002
   7795.8253322961709     
  -1.6256708353703784E-003
  -8.8896310007095195E-003
   6810.9588985544588     
   9.6479198903124223E-003
  -6.3058393115645705E-004
   3122.5839244715489     
   1.1311091391244317E-002
   8.7200795945271761E-003
   5232.4190192846809     
   2.9066963195748608E-003
  -1.0641507828438111E-002
   5062.9067277755921     
   4.6989746251038730E-003
  -1.0182638307488884E-002
   4390.8753328395487     
   9.0707655572606054E-003
  -7.9212253369774065E-003
   5880.5163881822091     
   9.2287155204744207E-003
  -4.8068313259990387E-003
   2980.2790091832298     
  -1.4328109991291943E-002
   2.9045494313027515E-003
   2956.0467319673480     
  -1.1091888018509313E-002
  -9.6153642560530741E-003
   747.10658160710977     
   1.6848758545517806E-002
  -2.3999376856276986E-002
   9749.7079249682647     
  -3.8560296042540955E-003
  -7.1014619719881062E-003
   7284.3447719024052     
  -4.1772873205181763E-003
   8.3638579195314290E-003
   7583.3229751086419     
   7.5220569065281078E-003
  -5.2322016935405545E-003
   3098.6704242717251     
  -4.4769082268341876E-003
   1.3620341115525379E-002
   2472.5182574312335     
  -3.9543993523374942E-003
  -1.5558015809850815E-002
   2576.3040630838805     
   3.3879866391830263E-003
   1.5356227980665745E-002
   6184.4469861750258     
  -2.4603845745676941E-003
   9.8437189492030525E-003
   9378.5044699849022     
  -6.8088174844664895E-003
  -4.6394609618022609E-003
   9921.9023279479497     
   7.1372430776932743E-003
   3.6367700224824583E-003
   2255.9439080060783     
  -2.3596568093127252E-003
   1.6640501786823039E-002
   9473.3672053162663     
  -2.9112985077456464E-003
  -7.6634905646982363E-003
   8479.3758147681019     
  -8.6630897063668701E-003
  -1.8630852811366496E-004
   7004.2619707247068     
   9.1495138360974293E-005
  -9.5336895259887401E-003
        1000
   3.0988082289695741E-006
   55794.871430924162     
  -1.6436986740219390E-003
   2.9512866506491990E-003
   44597.635602051865     
  -3.1441746794736406E-003
  -2.0958287458380260E-003
   25508.768994698974     
   2.7224811695668776E-003
  -4.1909658180505948E-003
   89846.773165983090     
  -1.1149312496928940E-003
   2.4172264392591548E-003
   15244.943512295218     
  -5.3485550895001092E-003
   3.6390239263219626E-003
   43904.105889197104     
   1.6550367738552745E-004
   3.8048133245129402E-003
   46164.445796155487     
   2.9852435706814225E-003
  -2.2094838087895778E-003
   31481.288943099240     
   1.5431219176780674E-003
  -4.2250619105933859E-003
   48500.761427748344     
  -2.0977799267760909E-003
  -2.9543332701953712E-003
   69218.313329358833     
  -2.9440868725785262E-003
   7.2841344396498405E-004
   81228.710943064259     
   9.5746403677119264E-004
  -2.6308231438422996E-003
   39694.559989166315     
  -3.9104830211339611E-003
   8.6670319647006388E-004
   29870.877453343492     
  -3.0078975409441808E-003
  -3.5038399850733566E-003
   57931.338141551460     
  -1.1720595308718962E-003
   3.1011491947993486E-003
   72750.224681043474     
  -2.9166804015582988E-003
  -4.9453258108025585E-004
   14951.621055028341     
   2.9185940243552054E-003
  -5.8443141257521376E-003
   33879.770555599527     
  -2.6990682159778183E-003
   3.3931959384858124E-003
   16699.409817505741     
  -5.6766828566437314E-003
   2.4425599493414951E-003
   53825.515177338930     
   3.2729415638774310E-003
  -1.0570559226763898E-003
   72550.160646052871     
  -1.1152743273539988E-003
  -2.7444285624848783E-003
   23425.136049853176     
  -5.2153667847385683E-003
   3.9068762910402996E-005
   20530.699159288182     
  -2.1821295487224768E-003
   5.1267286026145829E-003
   97283.498016470010     
   1.4057533936735716E-003
  -2.1373272569290211E-003
   99362.194386516770     
  -1.3525338563165979E-003
  -2.1396352488101339E-003
   8917.3305436719675     
   8.1316030874828745E-003
   2.3919657766289281E-003
   25677.316511495475     
  -3.0188853902559190E-003
  -3.9620997809550066E-003
   22201.704582029066     
   5.2684453406544735E-003
  -9.7312852021958027E-004
   20210.306815464315     
  -4.1774519837584137E-003
   3.7533029842040152E-003
   85144.297259865212     
   2.5752377206493052E-003
  -9.1957480195145364E-004
   5219.6799431803547     
   9.2463720062764734E-003
  -6.2266971182096233E-003
   86499.154889969868     
  -2.5027850597199599E-003
  -1.0470897211149611E-003
   7447.1578031791587     
   4.4096014459816708E-003
  -8.1744489175024568E-003
   43182.201991224101     
  -2.7796465008970489E-003
   2.6495589522306075E-003
   14410.461510998346     
   5.2735696451144103E-003
  -4.0587966047060412E-003
   12601.668224088897     
   2.6598406738657038E-003
  -6.6033139201446657E-003
   31140.888819365300     
  -2.4946672719448138E-003
  -3.7723195952264793E-003
   61627.924564542700     
  -3.0234629205032862E-003
  -1.0909105853412202E-003
   66630.889029696773     
  -8.6844255480464849E-004
  -2.9666998237347685E-003
   89672.876946119344     
  -1.6455792072557168E-003
  -2.0956783179782220E-003
   75561.691506954041     
   2.7303445725375087E-003
  -9.8545529283640410E-004
   63278.192336659442     
   1.5332538645552417E-003
   2.7768758573456435E-003
   22711.564649758027     
   5.1531228176226193E-003
   1.2260422157617272E-003
   48789.744241565066     
  -2.3881509304767034E-003
  -2.7106652424538067E-003
   61804.859204349879     
  -7.7009824883793245E-004
  -3.1158912285456420E-003
   98775.584755831704     
  -8.3316153971373715E-004
   2.3981836531376745E-003
   56265.501035140565     
   5.8933535956957601E-004
   3.3119538183670086E-003
   37583.263312074872     
  -3.8763557405987227E-003
  -1.3852011697478000E-003
   34280.514789196226     
   3.3227731702085064E-003
   2.7455378315862419E-003
   74742.754713381641     
  -2.1453935817617726E-003
  -1.9787690257241945E-003
   57311.933017387681     
  -1.8900643422461197E-004
  -3.3277540864845414E-003
   46041.468375254648     
  -1.8066046053647194E-003
   3.2506211210816829E-003
   65095.698429060634     
  -2.5263581972483876E-003
   1.8434804600371783E-003
   68608.489889110424     
  -2.6240544170981141E-003
   1.5473679110638309E-003
   17691.615626466162     
   5.2183884663916259E-003
   2.9682163475411821E-003
   27878.411238526471     
  -9.9265956877360646E-004
  -4.6759934709290430E-003
   44516.140391476845     
  -2.6494709264999242E-003
  -2.6990347771947182E-003
   46198.754029302763     
  -2.3237716710825906E-003
   2.8953989247311731E-003
   40001.353348312128     
  -6.8817549256706837E-004
   3.9301839342169237E-003
   69078.574751883178     
   5.0056288226501806E-004
   2.9943749597956017E-003
   30440.359246128639     
   7.6983305973759772E-004
   4.5091380466780731E-003
   21147.904066510135     
  -4.9972181031205237E-003
   2.2726045583713063E-003
   19863.769436317798     
  -1.7200817079277993E-003
   5.3973421752732112E-003
   42357.005044334779     
   3.3913375966409935E-003
   1.8795950997158647E-003
   69307.861196966391     
  -7.1869033248478603E-004
  -2.9444576733929340E-003
   14731.577255654332     
   4.8606960139435740E-003
  -4.4371366054760872E-003
   15047.651947925626     
   5.8294315538927523E-003
   2.9014439287295820E-003
   66511.860737863375     
   2.4998193438229769E-004
  -3.0838471982644576E-003
   57901.290496224639     
  -3.2719814494237341E-003
  -5.3915918455552992E-004
   77672.073865278580     
   7.8217967576664732E-004
  -2.7541105288518648E-003
   77706.407520971232     
  -1.4308958228944087E-004
   2.8588166967075243E-003
   76719.981030239171     
  -4.7699700928478513E-004
   2.8409759863081085E-003
   87748.207575345368     
  -1.4841825523912277E-003
   2.2478317769903436E-003
   10629.929849263874     
   3.6256232614277021E-003
   6.8564570399311606E-003
   33975.029253619570     
  -4.3188523435363441E-003
  -3.0579228501030164E-004
   64788.531973936260     
  -3.1139055295928524E-003
  -3.6177507759360705E-004
   13844.876305044385     
   5.3442477943004447E-003
   4.1882895517277889E-003
   80905.751158296596     
  -2.3572788241726251E-003
   1.5206895580597124E-003
   54547.591489824015     
   2.0551968532820700E-003
  -2.7292916395544658E-003
   27152.811744365077     
  -1.7906026913117690E-003
   4.5006080094302419E-003
   46313.143543261831     
  -3.4557770602479114E-003
  -1.3441708494993842E-003
   51477.204725905722     
  -4.9587442018061436E-004
   3.4818767436737680E-003
   50872.922490479745     
   2.6334777529457730E-003
   2.3624425979101981E-003
   96207.461377904794     
  -2.1258767066184669E-003
  -1.4485032384200143E-003
   55377.298243021622     
   2.5122017495234927E-003
  -2.2774458640542894E-003
   19600.312231751937     
  -5.0394513312503487E-003
   2.6695259891383705E-003
   20740.284279616662     
  -3.7600658365911561E-003
  -4.0733878777446039E-003
   25464.699717565265     
   2.4986079874389508E-003
  -4.3331682099725854E-003
   97032.666395469409     
   2.2721009557569085E-003
  -1.1827031063832861E-003
   77815.093135818839     
  -2.6950341273926579E-003
  -9.5846385835972380E-004
   27842.132493617843     
   4.5154658254119720E-003
  -1.5781853707678606E-003
   50090.768355181819     
  -1.9648627037079009E-003
  -2.9750918192490848E-003
   40348.095977762561     
  -3.7487278554433436E-003
   1.3153227365947126E-003
   61633.811699603757     
  -3.2099927723847682E-003
   1.6239840766349488E-004
   9246.3858962339982     
   6.8005827841862709E-003
   4.7967652351507302E-003
   73907.085393389178     
  -2.0130923420386831E-003
  -2.1358916645195579E-003
   86394.789363780452     
   2.6014772053199573E-003
  -7.7558933174956633E-004
   34621.848447203316     
  -3.6492619968699238E-003
   2.2535230217531400E-003
   69684.432171514578     
  -1.9438796219312326E-003
  -2.3147410257306138E-003
   64470.015689443615     
   1.5318411444073731E-003
  -2.7439597791081047E-003
   9268.9027338678206     
  -4.4330902605552707E-003
  -7.0309576087542319E-003
       10000
   8.7515283375978476E-005
   710761.60002137546     
  -2.5417347727088124E-004
   9.1168596097368840E-004
   596335.79053569317     
   1.0318148352443180E-003
   5.5324409787132640E-005
   240083.61086427220     
  -1.6175626792928500E-003
  -1.9352716505863061E-004
   83993.713656119580     
  -9.9259250131899872E-005
  -2.7611259073604972E-003
   330762.24035874917     
  -1.0186193868188058E-003
   9.4233745940214785E-004
   913918.08946088015     
   4.2985440639566806E-004
   7.1543682958870563E-004
   211854.72249471393     
   8.3018220115162709E-004
   1.5228701246048843E-003
   457972.50183078845     
   6.2677468830994937E-004
  -9.9878323776581815E-004
   729768.25525436096     
   9.3362216604942990E-004
   2.8113741445326183E-005
   37599.345915004858     
   3.6413946584927352E-003
  -2.0747337763071610E-003
   521623.40948459366     
   9.8363017318329744E-004
   5.0314472186263344E-004
   769871.08000386506     
   9.0938451255214044E-004
  -2.6363302960336978E-006
   895369.32394183218     
   1.7586941199025327E-004
   8.2469867568829146E-004
   945018.02911218815     
  -7.0263007173994784E-004
  -4.2427298554262652E-004
   296560.89779903769     
   8.1452890745535545E-004
  -1.2183754778142598E-003
   535922.07417436980     
  -7.5286877358840781E-004
   7.8822053908490992E-004
   240122.25352145199     
  -8.3989235623004965E-004
  -1.3957488216895888E-003
   319312.86323963053     
   1.4021911616782414E-003
   1.6898597295652001E-004
   149686.38939934928     
  -1.5604762297075966E-003
   1.3518359379910935E-003
   348833.64266183431     
  -3.1585047856722736E-004
   1.3137671648918541E-003
   161578.92985920288     
   2.9809343241482523E-004
   1.9643574502889805E-003
   850650.54013853287     
  -8.4803358672096542E-004
   1.7112105884413588E-004
   972316.66916729300     
   7.4555563889087712E-004
   3.1452618847210552E-004
   446241.45199125877     
   6.3981713937311487E-005
   1.1928499253726712E-003
   776586.65357439197     
  -1.3107432373574051E-004
  -8.9590962600674022E-004
   461386.31343321316     
   1.1455119856934855E-003
   2.6062268501971615E-004
   865789.24047673540     
  -2.4585162267231638E-004
  -8.2153012232176871E-004
   730562.35069155879     
  -6.6897522978378113E-004
   6.5112547431671504E-004
   640785.20036110678     
  -8.9124760308875956E-004
   4.4642827634449049E-004
   726663.54032239260     
   8.2210634136424445E-004
  -4.4756022660639305E-004
   607976.78873243649     
  -1.0111606030333154E-003
   1.5750515447251020E-004
   35555.176616123892     
   4.2943437821468923E-003
  -4.6572559663667513E-004
   299492.43566146912     
   8.5867682820624084E-004
   1.1787800056871490E-003
   204827.28774842038     
   1.7611707116851390E-003
   1.0034615969224694E-004
   949150.35996584129     
   9.9186411372443348E-005
   8.1297308075490009E-004
   536298.82555486716     
  -4.8097638721553371E-004
   9.7771661918773559E-004
   19771.787961910675     
  -5.9020873460548786E-003
   1.5778393001992727E-003
   457346.37426223856     
   2.8130855848371291E-004
   1.1459425858727089E-003
   963929.24296464061     
   7.9464919599359698E-005
   8.0880362265604053E-004
   986249.99687569041     
  -8.0289814645593703E-004
  -2.9716749325765687E-005
   347181.81637143617     
  -1.3544136313687956E-003
   1.7766062319206794E-006
   959678.57645008410     
   3.2706755238951098E-005
  -8.1383904285568245E-004
   333111.86850316863     
   6.9350995592561463E-004
   1.1962586410245348E-003
   707045.96755149995     
   9.4736652773764281E-004
  -5.4593805890113442E-005
   792440.77179862233     
   1.8531905543631806E-004
  -8.7697580817613040E-004
   726192.86096012767     
   9.3112679465200165E-004
   9.8690824147417038E-005
   731533.63044545031     
   8.8101748513378720E-004
  -3.0682749018263718E-004
   450656.93514838791     
   4.5624885354966516E-004
  -1.0976489604011971E-003
   387659.18067136471     
  -2.2960955397665099E-004
   1.2609683752976175E-003
   922964.41618038539     
   4.7183086042305573E-004
  -6.8349953693408038E-004
   750816.09802216792     
  -8.3973279985905653E-004
  -3.7792561885914170E-004
   432182.49875986122     
  -1.5023974407912772E-004
   1.2045152939271493E-003
   224870.33102177363     
  -1.6821006867428815E-003
   6.6283711271898708E-005
   731987.09119112871     
   7.1694654668587028E-004
   5.9647573306088636E-004
   798846.59493412334     
   1.6159311884494378E-004
   8.7799418909724849E-004
   562623.19054094539     
  -2.0756280035366936E-004
   1.0433681666805789E-003
   886506.51284077298     
  -2.5442140532430770E-005
  -8.4706571471703635E-004
   388992.86909467517     
  -1.2588692239005679E-003
   2.2885370133284274E-004
   248017.48333151918     
   7.4355437684534291E-004
   1.4198767972942550E-003
   321597.55599729210     
  -1.3676847681175586E-003
   3.3158740380012923E-004
   438298.36385308823     
  -8.9379461219780401E-004
   8.0869633201004817E-004
   57037.331606704371     
  -3.3179625322035397E-003
  -5.7287355855709554E-004
   429557.34966665856     
  -1.0783972160099003E-003
  -5.6524148570718928E-004
   739825.45491458161     
  -9.2599084952907124E-004
  -5.5852680016432236E-005
   873995.58129400061     
  -2.7837492461525623E-004
  -8.0681886194873542E-004
   314568.94417412567     
  -1.0177885112667745E-003
   9.9444179055851165E-004
   844807.87998621096     
  -5.3307773614012712E-004
  -6.8516307396264051E-004
   817841.24894021626     
   7.6574293882164480E-004
   4.3830445645464918E-004
   412442.66755037830     
  -1.2023975182995563E-003
   3.1341552459687944E-004
   866272.28390785656     
  -7.5803142495868179E-004
  -4.0041606368269091E-004
   853655.75337528135     
  -1.0868015088877149E-004
  -8.5673614396126693E-004
   516722.71917135268     
  -6.0343913389427747E-006
   1.1100576590506862E-003
   778540.67681509966     
  -3.1370539633888777E-004
  -8.4815414629159456E-004
   497683.49793835514     
  -6.4220771740711863E-004
  -9.3112484231434173E-004
   212416.33020767066     
  -1.6598187059626108E-003
   4.9534466255868261E-004
   450408.28378417384     
   1.2310425906683913E-005
   1.1889596923866598E-003
   438942.11529793835     
   4.6122260152721851E-004
  -1.1126546687465829E-003
   63703.275870946927     
  -1.2693438259863744E-004
  -3.1784993877893289E-003
   703344.70643301483     
   9.4069477239364823E-004
  -1.4253702210840775E-004
   920005.38374794705     
   7.5103465515229551E-004
  -3.5771747436181818E-004
   394824.54618454463     
  -4.6310368584678852E-004
   1.1825668009605289E-003
   256022.27635414153     
   7.4233983951888243E-004
   1.3919088067820995E-003
   372373.74796651077     
  -8.9086557150787934E-004
   9.5739289407175505E-004
   998676.39647135977     
   5.5235892164279255E-004
   5.7653716544338307E-004
   665293.19754226867     
  -9.5126347057892819E-004
  -2.2826956397455132E-004
   187536.13767079802     
  -1.3319245411859571E-003
  -1.2749370994972083E-003
   873589.94328050478     
   5.3562207577919642E-004
   6.6475300306876261E-004
   251148.31081480838     
   1.4818079196306591E-003
   5.8403169460836198E-004
   124796.01763769623     
  -1.9939107545011237E-003
  -1.0686718214992419E-003
   819948.45711675880     
  -7.9809030106647296E-004
   3.7352911382903923E-004
   540056.88837512233     
  -5.4550663075852166E-004
   9.3884288922765067E-004
   988167.34967671195     
  -4.8633206222281947E-004
  -6.3855852433094228E-004
   421857.27112356719     
  -1.0351318649306999E-003
   6.6182645191274390E-004
   810022.25440262526     
  -2.7643399969907227E-005
  -8.8612893145976785E-004
   247167.38899437748     
   1.6001125898778695E-003
  -1.3195760491262144E-004
   970541.02871784882     
  -8.0115381617451857E-004
   1.1887206464184061E-004
   382250.08062988368     
  -5.1866117394770369E-004
  -1.1819536325153824E-003
   636887.24986568920     
   7.1136251524998872E-004
   7.0261414243477747E-004
   145108.61686345917     
  -2.0931867663450754E-003
   1.2735346002010515E-004
   770674.52810698655     
   5.8593499924864735E-004
  -6.9484172143438399E-004
      100000
   2.2976107895374297E-004
   1100906.9517500105     
   7.6107094226853889E-004
  -3.7946718937633431E-005
   5563787.6503573684     
   7.7457374918708913E-005
   3.2930358670719479E-004
   8333171.2437169701     
   2.7806652650023785E-005
  -2.7500572724861380E-004
   3834194.1088904198     
  -2.9492412188671091E-004
   2.8127158043045721E-004
   8690758.9759082850     
  -9.6682446088976935E-005
  -2.5280397283188358E-004
   6283754.4918160625     
   2.5000495726529889E-004
   1.9703390242764660E-004
   5567425.7659017919     
   2.0922484126209627E-004
   2.6568902121234037E-004
   2194098.0088142259     
   2.5866624776230596E-004
   4.7280505370278172E-004
   8244735.2219127165     
   1.8093346380292488E-005
  -2.7729698775123596E-004
   3698977.6062606573     
  -3.4720193838621351E-004
  -2.2720188567266125E-004
   2381345.6296852361     
   5.1211561441137014E-004
   7.2868184115373332E-005
   3357513.6292285309     
   1.2470418611802364E-004
  -4.1730504737340514E-004
   6832574.6668368066     
  -2.1870513101637546E-004
   2.1296070114938402E-004
   4346934.4256336596     
   3.6405467430234871E-004
   1.1813358775759355E-004
   4577231.3973950157     
  -2.4542637271728084E-005
  -3.7217588561022738E-004
   9283246.2041352410     
   1.9229798060518182E-004
   1.7777161073735892E-004
   4517095.6802946348     
   2.0577221896673847E-004
   3.1405092421533758E-004
   6705410.2196640493     
  -2.7778463352266600E-005
  -3.0688781081177166E-004
   7830216.9522838816     
   2.0563799925879262E-005
   2.8440589945842002E-004
   7928964.3903049016     
   2.1178374596699228E-004
   1.8826693172985359E-004
   2056768.7284888648     
   5.7622520632849514E-005
  -5.5368797589038930E-004
   2637359.6311375042     
  -4.7948886514588297E-004
   1.0793240803081966E-004
   6800018.0482839504     
  -2.3328863116740058E-004
   1.9800718607235613E-004
   8995347.2403913271     
  -1.1205375142666982E-004
   2.4128913760007451E-004
   3811969.5858617639     
  -3.8570246002545732E-004
   1.3526483953444770E-004
   297313.00941567146     
  -1.2242866999438991E-003
   8.8024783699650164E-004
   4079181.8908295436     
   3.5580596782207129E-004
  -1.7179808382072011E-004
   9910519.1423658524     
  -5.0246931269668687E-005
   2.4842562194962205E-004
   9749993.1192790940     
   2.1247988925371722E-004
   1.4195109345201668E-004
   9705719.9538778886     
   1.1922893400353461E-004
   2.2667194054432110E-004
   9691454.6451092847     
   2.0661040087082086E-004
  -1.5167205830935736E-004
   3809127.2156122513     
   6.4360861462350091E-005
   4.0378879665503684E-004
   1062145.0233123149     
  -1.2325240216487320E-004
   7.6606453168759532E-004
   7531895.2438775897     
   2.2337414884441065E-004
  -1.8610380147978699E-004
   8262461.0151198888     
  -8.4276746537107961E-005
  -2.6448578217461876E-004
   7271709.1198415710     
   2.2692620051402304E-005
  -2.9502677752747848E-004
   3733140.1092824810     
   1.1340168984747622E-005
  -4.1287358290393813E-004
   6257910.6929098107     
  -3.0940139318839900E-004
   7.7551088164237389E-005
   3131851.3508053436     
  -3.4578391834020564E-004
  -2.8949930478296268E-004
   3081893.2405360583     
  -2.6566616193718720E-004
  -3.6891472567543980E-004
   6795836.1816816889     
   2.4216747860699751E-004
  -1.8719768189278887E-004
   8317452.0117130196     
   1.5830843730634380E-004
   2.2690132468522698E-004
   5607129.9473036686     
   3.4593620505040537E-006
   3.3696237038247534E-004
   5638032.6876903949     
   9.2337978443192780E-005
  -3.2312024933740205E-004
   3344538.1470197812     
  -3.4680907342947187E-004
  -2.6486732605171884E-004
   7333682.5797836436     
   5.5416313145714314E-005
   2.8938686307821191E-004
   1665802.8715456969     
  -6.1802514421359009E-004
   3.0088880826974388E-005
   5374964.0220506554     
   3.4013909293253048E-004
   5.2607813359962193E-005
   7863293.4642704856     
   2.2874265876292525E-004
   1.6924627567551224E-004
   2235400.2381860884     
   4.6735700157198436E-004
  -2.5817219775244141E-004
   3319880.1412591450     
   3.9384070735720244E-004
  -1.9166746097235894E-004
   5063823.6205886984     
  -3.0029425327330548E-004
  -1.8859232861626301E-004
   2306054.8117095311     
   5.1507402078092908E-004
   1.0499114308872313E-004
   4717764.5699475100     
   2.8426032209532924E-004
   2.3273885133354101E-004
   1948437.0338674323     
   6.0681731263079926E-005
  -5.6875518541206428E-004
   2030718.6419988729     
  -6.0876446561991579E-005
  -5.5692878557128016E-004
   2147643.8387026521     
  -4.2243111453431500E-004
  -3.4394895948775390E-004
   9067377.0658848006     
  -2.6305439066000400E-004
  -3.1883736336452321E-005
   8018982.4202031875     
   9.2776013957358402E-005
  -2.6605992143627436E-004
   7375705.2672650162     
  -5.4934300864416584E-005
  -2.8862298542142728E-004
   4211319.7245027320     
   1.2973441568827588E-004
   3.6657922497192370E-004
   8128578.0158843286     
   1.6991143873285820E-004
   2.2238422542831016E-004
   9884891.5970625766     
  -1.6844635137761114E-005
  -2.5322493481500055E-004
   4961545.4975357726     
   2.2973042950343543E-005
  -3.5750397010585617E-004
   2270398.5112896319     
  -4.6809218203211652E-004
  -2.4811711534406157E-004
   7642376.9732798310     
   2.5688170632775961E-004
   1.3160622921353432E-004
   9082257.0572118219     
  -2.1460808252974105E-004
  -1.5505646084092373E-004
   5936980.2482088981     
  -1.6017817937384268E-004
  -2.8563564849546996E-004
   8718998.3742683493     
   1.3774052993654088E-004
  -2.3248137720648833E-004
   481180.55148881080     
   1.1361611031114277E-003
  -2.4840751626670687E-004
   9386466.8069442250     
   7.7944190550036292E-006
   2.6031951349779161E-004
   563317.16504538408     
   1.0695450268265148E-003
  -6.6628774427999213E-005
   8981002.1316311266     
  -1.7674315888216980E-004
   1.9912661870875352E-004
   294433.39522313222     
   1.3845710957288071E-003
   6.1789818188612159E-004
   9992517.1029041279     
   2.5234998360819215E-004
   5.6856644678550200E-006
   9803926.9974308629     
  -2.5411042621230665E-004
   1.9142891698673075E-005
   6155035.7381894756     
  -3.1634592714588339E-004
  -5.8048488101285834E-005
   5916477.4369748523     
   3.2747450299530910E-004
   1.9415768490152946E-005
   9626271.7783382647     
  -4.7842237659111724E-005
   2.5268214143418127E-004
   8944744.1909391675     
   2.2138219122324473E-004
   1.4888542536230410E-004
   2101106.4021843751     
   3.0321942271802223E-004
   4.5977643651010580E-004
   225000.89337889670     
  -1.0343650576112148E-003
  -1.4451961387541433E-003
   2623607.9003711357     
  -3.8154291925374405E-004
   3.1185245586020483E-004
   8915120.5940421857     
  -1.5980996009577313E-004
  -2.1418277489047990E-004
   2768009.0782567365     
  -7.9416604372314713E-005
  -4.7311222411863753E-004
   8901176.0041852593     
  -2.4702893410124817E-004
   1.0247965973061868E-004
   5239009.7795384647     
   3.0857032026329048E-004
   1.6223990199157868E-004
   3734663.4310262562     
   3.1552927399829779E-004
   2.6639226605228524E-004
   9839841.7586908750     
   7.3190276843444391E-005
   2.4360766918050172E-004
   8781687.5360811446     
  -2.6554652739006778E-004
   4.4539372136922231E-005
   6845981.6486917352     
   2.8097374571134549E-004
  -1.1855555847189970E-004
   3687689.9410426691     
   3.4247200891974672E-005
  -4.1415503717620545E-004
   2061230.7492927818     
   4.8537939629047703E-004
   2.7133955690587759E-004
   1952685.0671106172     
   5.6334789031090449E-004
  -9.5342923251482138E-005
   9877775.6773676649     
  -2.1716679154188525E-005
   2.5294544524864245E-004
   1907442.2927578858     
   5.6431971274187125E-004
   1.2553323463535251E-004
   216085.28558899503     
   1.8188773728540053E-003
   1.2303248661333309E-004
   9442743.2412423939     
  -2.2153035204491462E-004
   1.3545119941179220E-004
   4969583.3717103032     
   4.0797358483536539E-005
  -3.5561885060387389E-004
   9807217.9768736437     
   2.1680733074857385E-005
   2.5386356831419980E-004
     1000000
   1.3442833162844181E-003
   61714238.274501503     
  -9.3095223304483603E-005
   4.0623146019429879E-005
   36904539.300060727     
   6.6952183872184926E-005
   1.1302295277679891E-004
   53704342.355847664     
   7.4989860347934959E-006
   1.0862770838517501E-004
   15431600.197628995     
   1.7810457739855304E-004
  -9.8081329251239173E-005
   14148161.341133112     
  -1.6051047894592604E-004
  -1.3908935389173239E-004
   38735729.003291599     
   1.0228306326134566E-004
   7.7321435806483675E-005
   70333097.061727837     
  -7.3856710222719576E-005
   5.9979977931835801E-005
   55422303.786581323     
  -6.7029688274476243E-005
   8.3639693252126498E-005
   82731155.727901071     
   5.2077062636722662E-005
   7.0594506892241175E-005
   54195523.044928573     
  -6.7487129918218679E-005
  -8.4818689142972763E-005
   66570157.016809814     
   5.3273956807602281E-005
  -8.2012836187413202E-005
   6261543.6329822121     
  -2.0541717551216795E-004
  -2.4657068826594835E-004
   17973100.774988592     
  -1.7356465767973925E-004
   7.3150259100201963E-005
   62246383.757146679     
   1.0107159586713480E-004
  -3.6428490922181816E-006
   76113977.669494823     
   3.9682779820769798E-005
   8.2401646262915184E-005
   91095594.839911208     
  -4.6344138918944851E-005
  -6.9578173488429965E-005
   71685343.668106705     
   1.7104304969865802E-005
  -9.2677177082944913E-005
   74260583.335295796     
  -7.6125109853079264E-005
   5.2711732708689414E-005
   36312052.210235745     
   1.0421324750480659E-004
   8.1720039263613218E-005
   82363846.172408044     
  -3.0921916896527505E-005
   8.2302881213094153E-005
   55652466.316657990     
   9.4751476831909435E-005
  -4.9630698357451367E-005
   65428657.180885628     
  -6.1363767867163397E-005
   7.7237351066469683E-005
   19567189.490797881     
  -1.6143448624802992E-004
  -8.0725104035421063E-005
   82012192.358035088     
   8.8015568227579102E-005
   4.0420837504143240E-006
   3214993.0584256402     
  -4.5446057878637956E-004
  -4.2620916947771288E-005
   66059925.557376869     
   2.0659965770267232E-005
   9.5975383603120543E-005
   12842468.381489094     
   2.4005050396692155E-005
  -2.2168936615601410E-004
   39148347.570988797     
  -1.4929497772932730E-005
  -1.2666548780649190E-004
   25020094.425890833     
  -1.5309528159937154E-004
  -4.5016899494203165E-005
   96569050.434142038     
  -4.5210316199016673E-005
  -6.7444493577552365E-005
   49042576.200670086     
   1.1261573132051054E-004
  -1.7359652027936191E-005
   99242598.590121001     
   5.1290275662109904E-005
  -6.1517612797185920E-005
   28845166.878881626     
   6.7100281300321190E-005
  -1.3259361771434058E-004
   97864521.281571418     
  -4.1704671876986941E-005
   6.9037475355074920E-005
   95333921.294679120     
  -7.2721948214940279E-005
   3.7278334819196102E-005
   25065932.612474844     
   1.2844983812954237E-004
   9.4438783771750822E-005
   42244111.399481669     
   7.9285548342141791E-005
  -9.3744599402333719E-005
   73841673.338504463     
   7.0209373795968900E-005
  -6.0768827222994638E-005
   20331162.390291829     
  -3.1086405008100272E-005
  -1.7431033397262403E-004
   64293897.785678305     
  -4.6310145167658702E-006
   9.9405560014222157E-005
   63337498.724439591     
  -3.6869249562347251E-005
   9.3237017914235825E-005
   11181988.701532405     
   2.3734258377651414E-004
  -2.8812207736231403E-005
   14733778.446327532     
  -1.2855411630172846E-004
  -1.6365171910479132E-004
   46035942.595090069     
  -7.5682702255347432E-005
   9.0023037720436802E-005
   98452312.784371495     
  -6.6464892932807630E-005
   4.5266179803779406E-005
   43065276.365420505     
  -9.8813712339534138E-005
   7.0869650153141992E-005
   70774945.379813597     
  -4.4937984958820404E-005
  -8.3525225760510584E-005
   37173113.866775028     
  -1.2378308045464162E-004
  -4.2541291048060610E-005
   20835417.631519709     
  -1.0044496638638612E-004
  -1.4318084298145200E-004
   41548161.042540960     
  -1.2287208400878075E-004
   1.5144128877239500E-005
   24681342.008161083     
   1.3316362401183477E-004
   8.9901114377337441E-005
   70794755.803907752     
  -1.9938197605972724E-005
   9.2713733042960728E-005
   8826864.6496563293     
   2.4507300722589881E-004
   1.1193544263036657E-004
   21176106.259577498     
  -1.6504756356453364E-004
   5.3441520477758737E-005
   2715531.9857266531     
  -1.3427016173392963E-004
   4.8386780088519168E-004
   34095145.411353305     
   1.3062640180052764E-004
  -4.0207450976364023E-005
   29199209.242130466     
   1.4219497872959574E-004
  -3.9950253775444454E-005
   84695611.210642979     
  -5.5905427199576889E-005
  -6.6269666590760195E-005
   49947794.344871566     
  -1.1277697241101551E-004
  -5.4417954291824437E-006
   71300052.307534769     
   2.0794085780318983E-006
  -9.4473786701688333E-005
   26208391.288160440     
  -1.2430637878696682E-004
  -9.4107971210552856E-005
   82449217.711752489     
  -6.7977446347689701E-005
  -5.5686541483219999E-005
   28878183.327673092     
  -1.2044398396302067E-004
   8.6899272192688862E-005
   62854283.698990837     
   8.4884097620160486E-005
  -5.4078411897686511E-005
   74834292.586668983     
   5.4778692593015203E-005
  -7.4209931124613753E-005
   87519230.988287315     
  -5.8095394092627806E-005
   6.2445623488787728E-005
   13659451.824528230     
  -1.9176695521786900E-004
  -9.9786645238694610E-005
   28637476.246198375     
   8.5828155367334062E-005
  -1.2197293314230453E-004
   92423967.408611417     
   4.3872406551080388E-005
   7.0453196247288912E-005
   98643792.745023966     
   3.3317711033370487E-005
  -7.3102567454169502E-005
   79139357.235612780     
  -3.8967147042734388E-005
   8.0786704433440977E-005
   35443225.757810429     
   5.0967375391067774E-005
  -1.2398047017912051E-004
   76667601.796783403     
  -5.5837156208355300E-005
  -7.2017729045053858E-005
   20114178.225320410     
   1.2085737086558944E-004
  -1.3070188760822211E-004
   7374531.4965731464     
  -2.9495817468325539E-004
   1.1457872030240805E-005
   5474621.4263245445     
  -3.3595169895366618E-004
   7.3565981267206641E-005
   15503320.842292409     
  -2.0397968202402147E-005
  -2.0182432761012924E-004
   80882984.712294176     
  -7.8858840437474710E-005
  -4.0654136339642146E-005
   65945062.800832085     
  -5.2182182883952946E-005
   8.3258150930044905E-005
   25221060.386929795     
   1.3851383837189108E-004
  -7.7944692423377639E-005
   33110559.805420753     
  -3.8038410790744551E-005
  -1.3337520796975148E-004
   98383623.090349168     
  -4.1017265320290190E-005
  -6.9200493566616154E-005
   61760625.519743428     
   1.5665452871308833E-005
   1.0031850912441259E-004
   29958088.280045595     
  -4.1766863410200879E-007
   1.4581502423161721E-004
   50059463.015681528     
  -1.0072868546746721E-004
  -5.0730083780111921E-005
   73876148.321546987     
   1.4669458929850556E-006
   9.2822573931236453E-005
   4911496.7966567688     
   1.8346832065869597E-004
  -3.1421459989915601E-004
   2547907.3566589584     
   8.3891337903484057E-006
   5.2114009717318520E-004
   48372627.614612125     
   5.0030990540616958E-005
  -1.0324949005138408E-004
   77884516.870342851     
  -8.9387774467451423E-005
   1.3579154683486394E-005
   90785451.099042237     
  -9.7521795797790655E-006
  -8.3172561581603793E-005
   91603971.907197580     
  -8.1736721569200879E-005
  -1.6407883842071966E-005
   34047550.756234929     
  -3.5009257805280545E-005
   1.3221339855251296E-004
   30630407.630790256     
   1.0418393899681623E-004
  -9.9703091288481688E-005
   83041121.501232937     
   5.4385508069230922E-005
   6.8622824036729241E-005
   46475665.109169111     
   1.1644444888630360E-004
   1.1907081686280158E-005
   2467294.4005411533     
   4.8409537070458777E-004
  -2.1885290015118911E-004
   34569142.401975021     
   1.1330820658130873E-004
  -7.4731517453375558E-005
   6759359.7662115637     
   2.8664855045757793E-004
  -1.1429780325040263E-004
   10182469.422412453     
  -1.3340726513457152E-004
  -2.1219651254414810E-004
    10000000
   1.0112336166203021E-002
   655212021.70312130     
  -2.8907691482547152E-005
   1.1665445883941053E-005
   401231701.93277198     
   3.0004533842483971E-005
  -2.6208484514428189E-005
   623728792.90750909     
   3.1252059441338202E-005
   6.6413543889252791E-006
   826966908.41036272     
   2.6319239808531455E-005
   8.7851506781685352E-006
   345682323.78684342     
  -4.1302394988093901E-005
   1.1683991081579109E-005
   315379808.48394370     
  -6.4605101998410805E-006
  -4.4473121801173198E-005
   367308698.96408874     
  -1.4271874520006500E-005
   3.9117223768461414E-005
   417565901.34603792     
  -3.8857539465154979E-005
  -3.8892330795167691E-006
   466335502.59077734     
  -1.7891889672796536E-005
   3.2331845855967048E-005
   388585744.73213261     
   2.0918466140048970E-005
  -3.4659196175480572E-005
   646683995.90218079     
   1.8237712016457711E-005
   2.5533130743623462E-005
   249231595.44319487     
  -2.2498306228296624E-005
  -4.5279298931652020E-005
   718519864.33609557     
  -1.9958345595574278E-005
   2.2085420805610666E-005
   858233101.17131901     
  -2.1942573157697706E-005
  -1.6135470325541311E-005
   172297226.79112935     
  -3.1705202493538683E-005
   5.1922171208414587E-005
   733989664.97802556     
   1.3804039115559630E-005
   2.6016737210651130E-005
   514816705.86588466     
  -1.5691344109766072E-005
   3.1473958910049992E-005
   287358892.71565992     
  -3.8061589473705349E-005
  -2.7714167296348323E-005
   993125659.29296601     
  -2.3502591684268634E-005
  -9.4173823034891909E-006
   763633162.14055419     
  -2.2311776964991802E-005
   1.8328348107660774E-005
   42386810.382493511     
   1.0217548098476767E-004
   7.0821904175269004E-005
   709592476.39946687     
   7.7901979888220229E-006
  -2.8923423632873851E-005
   675364265.47660708     
   4.8236531607978961E-006
   3.0322721337710048E-005
   99137087.646170080     
   3.4247714324398331E-005
  -7.2674792972406328E-005
   466577185.53905088     
  -3.6447740157700455E-005
  -6.0268220622942561E-006
   271196375.12507540     
   4.7523852166726614E-005
  -9.5147461293584648E-006
   361932749.97116667     
  -1.5513404920247511E-005
   3.8973721282657998E-005
   725905693.84210777     
   2.8174558677568439E-005
  -9.1256852547035073E-006
   37014856.856233940     
  -1.2819348962790639E-004
   3.7811508267265848E-005
   588989275.99793160     
   1.0611964299089671E-006
  -3.2861799572361943E-005
   697301069.60154903     
  -1.4932900917447285E-005
   2.6269359968002490E-005
   119581339.57414462     
   5.8115976313635211E-006
  -7.2860667217322479E-005
   530992270.81579417     
  -3.4321493859105058E-005
  -4.6013553197576091E-006
   993740090.42305565     
  -1.5853828998316322E-005
   1.9731158189307348E-005
   728989696.22724330     
   8.2438694671123219E-006
  -2.8379768977635482E-005
   762881291.66951811     
   1.7155406904649979E-006
  -2.8837865855824514E-005
   211578020.68209755     
   3.7582333873886038E-005
   3.9998089823994975E-005
   864619505.98688638     
   2.7120693935981903E-005
   9.0427279609422687E-007
   200566718.48029682     
   5.0143920721060209E-005
   2.5761299834696611E-005
   97273498.140004441     
   3.3986422986416045E-005
   7.3650663941881903E-005
   248864670.04403195     
   9.7282291847450268E-006
  -4.9654057996585977E-005
   911417532.06363404     
  -2.2540677372854687E-005
  -1.3800507770293526E-005
   831559347.66422760     
  -1.0780677005755953E-005
   2.5483442320392823E-005
   86765651.049995199     
  -8.4338780169841617E-005
   1.6535565546764981E-005
   872761047.63945305     
  -1.0658308027436798E-006
  -2.6987845727743921E-005
   561616036.44545317     
   3.1494243734991954E-005
  -1.1909752088854669E-005
   403212096.24062663     
   3.9738239874461038E-005
   4.7833283460481417E-007
   999316674.12435985     
  -2.4760076169941228E-005
  -4.9015931470397441E-006
   772317486.45862806     
  -1.6930039926052938E-005
   2.3189240415416373E-005
   787803822.80038416     
   4.3868133821090061E-006
  -2.8087635542758890E-005
   755860164.70558965     
  -2.3938093175092357E-005
  -1.6409961870060836E-005
   564616383.84327030     
   2.1998553523194904E-006
  -3.3509158950037235E-005
   697477664.12740278     
  -1.5276880944493027E-005
   2.6066386082625086E-005
   876852365.01063478     
  -2.3416032208929026E-005
  -1.3332858446639234E-005
   24188674.081398409     
  -1.4201636359942115E-004
  -9.3466717389384214E-005
   292880292.13522774     
  -3.6020927523315420E-005
   2.9621152779305940E-005
   189507746.54792935     
   5.0172972843270290E-005
  -2.9097996058062259E-005
   809637496.62091744     
  -2.7766063458318395E-005
   3.9252945183256267E-006
   557012016.34513485     
  -3.3702859211645459E-005
  -2.6871529303561892E-006
   490978133.40377325     
  -2.8886721133522750E-006
   3.5896522052741649E-005
   541369220.40609205     
   3.2208959829024401E-005
   1.1778258148662104E-005
   54884704.397322506     
  -2.6704465927790443E-005
   1.0527844414539039E-004
   152395922.30687079     
  -5.9574477176854253E-005
  -2.5245023509171538E-005
   782328168.12126112     
   2.7975273897822902E-005
  -5.5857699214090724E-006
   772917055.29515541     
  -8.6520726185639462E-006
  -2.7365474149932326E-005
   167929170.06792429     
   5.4066029511860336E-005
  -2.9573733044259516E-005
   474267507.88083506     
   1.1127636060048316E-007
  -3.6641618909188477E-005
   171381722.53015026     
   3.8912614287221656E-006
   6.0875514426048433E-005
   553361775.80746806     
   3.1201371377722616E-005
  -1.3308675745350764E-005
   311984061.66497123     
  -4.3605504869097321E-005
  -1.1838969692323711E-005
   162867616.88373309     
   2.4438502264771422E-006
  -6.2531862408438189E-005
   579268659.82276595     
  -2.4319276286971256E-005
   2.2533145956546046E-005
   152642510.00149298     
   7.3293361404698870E-006
  -6.4233310634208724E-005
   201359963.85279000     
  -4.5856241079135282E-005
  -3.2599259630681812E-005
   694167267.02552938     
  -1.2123140803828860E-005
  -2.7752894468098562E-005
   950686131.09447467     
  -2.3045083165719402E-005
  -1.1773003957239610E-005
   140092508.44252813     
   2.8734893040367865E-006
  -6.7436237160114487E-005
   712892782.13103449     
   1.6489071855502984E-005
  -2.4924035035671193E-005
   385930934.22648162     
  -4.0368192652977105E-005
  -4.5312508844963243E-006
   403998044.18696272     
   3.1822795650442376E-005
   2.3740088084817404E-005
   10990928.269783137     
   2.8034897253879703E-004
  -2.4696331880973133E-004
   419054784.56738746     
   3.4187815658776411E-005
  -1.8729823661545130E-005
   805774175.80946743     
   2.8109301444984224E-005
   1.4764461392429614E-008
   879085104.39271808     
   2.6026292160257783E-005
   6.8456874703721922E-006
   149376770.33436444     
   3.1812705619111074E-005
   5.7090919654972561E-005
   52616008.681143314     
   1.0578294350824718E-004
  -3.3674183101096693E-005
   569990986.51171923     
  -3.0672853947512028E-005
   1.3275632334351968E-005
   67615128.178182453     
  -9.7214038819770255E-005
  -8.3347666358644289E-006
   872639605.89985728     
   2.6141210442072797E-005
  -6.7984160690422497E-006
   350869810.87329179     
   1.7277741079353420E-007
   4.2604131581013426E-005
   494932631.76730758     
  -8.8312280319110678E-006
  -3.4764171942090849E-005
   289390793.71101999     
   1.7275446256103945E-005
   4.3620355341443694E-005
   246173442.87050653     
  -3.8672469630141577E-005
   3.3055080516710549E-005
   554149095.84659314     
  -2.4480452653141420E-005
   2.3446076934471847E-005
   716732269.27868974     
  -2.4243678902123898E-005
   1.7336546686932490E-005
   903798099.02632594     
   2.6721546181798479E-006
  -2.6406162905735469E-005
   759799875.71962619     
  -2.8825854587694463E-005
   2.6497004449179776E-006
   543831380.82513118     
  -3.4215837144888204E-005
  -3.0696213593044108E-007
   649460316.75493431     
  -3.5476637113385973E-006
  -3.1108828327160119E-005
   779179100.71890116     
  -2.6371161475421991E-005
   1.1030331576615958E-005
   100000000
   8.4242933001369244E-002
   8802251483.6763268     
  -5.9365545096731575E-006
  -6.0898801299596394E-006
   6067110942.5519991     
  -3.7843277637409797E-006
  -9.5195987359971268E-006
   709007727.88553250     
  -1.4647337994577400E-005
   2.6313957710873890E-005
   4447290094.2457581     
   1.1848226972932318E-005
   1.6743699197582686E-006
   186172163.57338756     
  -1.3820287192616415E-005
   6.2152973128178622E-005
   3065785788.0727525     
   7.8912384369433914E-006
  -1.2062004811822123E-005
   9737663227.8028336     
   1.7421152281037884E-006
  -7.8959192010292774E-006
   9556192495.8338337     
  -3.3288895498378059E-006
  -7.4525633869872181E-006
   2211538343.4231229     
   1.6974818393595090E-005
   1.1465405426982417E-007
   6772268289.9054499     
   3.3299041630634890E-006
   9.1063663995462358E-006
   5407922794.9120140     
  -1.0656875160037347E-005
  -2.0422969410965208E-006
   3661001168.6610646     
  -9.4562543775611369E-006
   9.1943690323825945E-006
   113581879.52354442     
   8.0916455146599293E-005
   7.2612265491795176E-005
   8509418203.1582222     
   3.1678275814197512E-007
  -8.6439784694962905E-006
   4272566911.6056924     
   4.6228178303230293E-006
   1.1299207620054824E-005
   7503662658.0090370     
  -8.9955914451189955E-007
   9.1673077928953670E-006
   215267748.03753418     
   7.3488755755828333E-006
  -5.7319564415018911E-005
   6182242248.6457081     
  -7.3117668246873198E-006
   7.0375483043913104E-006
   4499910407.2600336     
  -2.6991251871951015E-006
   1.1585488620698991E-005
   6660338538.5943756     
   4.2775499774279503E-006
  -8.7918733701619741E-006
   6918581699.3638763     
  -8.8445746353019414E-006
   3.7147071103930139E-006
   9397349206.0477486     
  -7.9479754091559947E-006
  -2.1396575574671257E-006
   7195634268.6784983     
  -9.3329952900023530E-006
  -1.1733722343916961E-006
   4571484470.8434954     
   2.9169049371732699E-006
   1.1436077468081051E-005
   6381605043.9897127     
   2.3072739574647783E-007
   9.9858690998154659E-006
   2319513620.1599441     
  -1.6287072337803281E-005
  -3.0739738423512886E-006
   4041798535.5997281     
   8.4859731366067235E-006
   9.2490822370125038E-006
   8317964812.5018454     
   2.8581029594171523E-006
  -8.2687544543691104E-006
   1476192821.9728847     
   4.0119443710499967E-006
   2.0399879969285697E-005
   7583723529.7164679     
   6.7542968220063455E-006
   6.1913095618850467E-006
   7950591601.4108429     
   8.2288627954196328E-006
   3.5162695675050209E-006
   2356262598.0498734     
   6.3326087387114826E-006
  -1.5176420185657996E-005
   5328053794.1101789     
  -7.0366725979041426E-007
   1.0909188299945232E-005
   1460744776.6771054     
   2.0848649990336397E-005
   1.4755525282312481E-006
   1822099920.7325130     
  -1.7039067767763166E-006
  -1.8628258946270607E-005
   1560536636.3763418     
  -3.4953524578859285E-006
  -1.9914114275263175E-005
   8119095468.1688499     
   8.5960281841354085E-006
   2.1270711974704526E-006
   2589694246.5079350     
  -4.5396784736397818E-006
  -1.5013426007248824E-005
   4159568251.6664934     
  -5.6937601457265097E-006
   1.0985209459698308E-005
   9570306329.4757519     
  -6.4044237303941214E-007
   8.1310379554878811E-006
   7225421542.8581066     
  -9.3825769342530546E-006
  -2.8984877872862180E-007
   8370299854.3768425     
   1.4817427900528453E-006
   8.5945827096199456E-006
   7790648431.0850916     
   4.7802906795061322E-006
  -7.6727728949388155E-006
   5425042074.1517286     
   1.0136689847499810E-005
   3.8230638018602189E-006
   6151754044.8382158     
   1.0134964063988943E-005
   8.8434929281494726E-007
   6971813936.0689640     
   1.6337510163723776E-006
  -9.4156048465004526E-006
   6046758637.1696053     
   4.1997682249517278E-006
   9.3626471889364835E-006
   1053842221.5007981     
  -1.0619142727015934E-005
   2.2227596295068633E-005
   5537040977.5920086     
   7.6360966331288426E-006
  -7.5288451993784831E-006
   2999667959.8064847     
  -1.4545771037616324E-005
   8.7672997154220780E-007
   2137970332.5486090     
   9.1363589901951640E-008
  -1.7265173029368748E-005
   8446343801.0923204     
  -6.1099437084237201E-007
   8.6604964954401963E-006
   6549814476.1061306     
   2.6547331881885672E-006
   9.4952795291651072E-006
   9634523464.5983086     
  -8.1133468151877440E-006
  -5.0408048367050800E-007
   6138558533.7587214     
  -2.2417176639650512E-006
   9.9346270661437325E-006
   4098418368.6169310     
   1.2243942999035862E-005
   2.3377672671556176E-006
   1373275052.3995914     
  -1.3106561384335002E-005
   1.7118112941597485E-005
   1464143494.6832693     
  -4.2197321726816818E-006
  -2.0445501187223936E-005
   2229728576.3189745     
  -1.6892641010417364E-005
   6.6387025446534910E-007
   5277790465.5455055     
  -9.4264737001678711E-006
  -5.6378768106183800E-006
   7126290591.5382681     
  -2.2072615981343206E-006
  -9.1907972962622555E-006
   5271644988.6423168     
  -6.2267937885913867E-006
   9.0560362839751643E-006
   1926103432.2993336     
  -1.7292859025634903E-005
  -5.6502657400113161E-006
   8644576608.4861813     
   5.9658124462383485E-006
  -6.1691040390152812E-006
   3211580866.0027304     
  -1.6560298612684727E-006
  -1.3984992750956286E-005
   130330126.66280109     
  -2.4881197056415694E-005
  -8.3651896831151676E-005
   9995820110.1162186     
   7.2354171231084708E-006
   3.3675695623390309E-006
   8815962402.5043831     
  -8.3869193143856665E-006
  -1.3698175325218353E-006
   2513349000.2132125     
   1.5668103764223637E-005
   2.8296051088794263E-006
   5484826978.8553715     
   6.3458067496013359E-006
   8.7074270701864167E-006
   7633844785.8104858     
   2.9283157893988686E-006
  -8.6502315158676089E-006
   6848056493.3194952     
   7.2597353503774767E-006
  -6.3458431222701932E-006
   4270962876.2682257     
   1.2205030935354578E-005
  -3.6846118961942924E-007
   5987821807.5849743     
   6.5050337251159925E-006
  -8.0011534870520714E-006
   4519859541.8205795     
   1.1423838904150101E-005
   3.2217773522212562E-006
   9450540645.8351765     
  -8.1632169715674366E-006
   8.5380204960612990E-007
   1746901619.9728911     
   1.0418842032190119E-006
   1.9077237573805447E-005
   9748264988.3875675     
  -8.0700612060012461E-006
  -4.2837523006778967E-007
   960414557.46194422     
  -1.1132197010560580E-005
   2.3292835023279522E-005
   1596002439.3703487     
  -1.9024449775727695E-005
  -6.1432532928348472E-006
   9108021921.3986225     
   7.2321539782413710E-006
   4.1948495670465343E-006
   2134719199.9001377     
   1.4065190625304434E-005
   1.0035932898532929E-005
   2293272309.2992449     
   4.5609746319719085E-006
  -1.6033247701146013E-005
   1428034317.0319970     
   6.2528764916060633E-006
   2.0194060006711981E-005
   7004716632.9986906     
  -9.2129909773410878E-006
   2.4524484715357295E-006
   9772878949.9535198     
  -7.5775072247474801E-006
  -2.7796172502045518E-006
   128070324.25216898     
   4.6446230824317385E-005
   7.6152785552812617E-005
   4992778140.6982689     
   2.6930923389397081E-006
   1.0967267682650321E-005
   2551814978.2500544     
   1.5797897847281275E-005
   3.0894862223694508E-007
   9035416668.8220692     
  -4.5818527322575456E-006
   7.0334348018822032E-006
   1132731571.8542786     
  -1.1087983611129906E-006
   2.3727522435379248E-005
   7774772522.6279640     
   6.6837711133523377E-006
   6.1005516062552039E-006
   1135344669.4560790     
  -2.1293228330733794E-005
  -1.0464912947485998E-005
   6245060374.8486834     
   4.6225290076045597E-006
  -8.9769163776105684E-006
   3409892006.8000369     
  -4.7816442895218842E-006
   1.2802895827538638E-005
   9779635820.0577755     
  -7.2434199125138189E-006
  -3.5542568366752688E-006
   6950069625.7426939     
  -8.7170249769467394E-006
   3.9524686267736064E-006
   8294021579.9438190     
   3.8898695223014709E-006
   7.8505387785790456E-006
   9684464507.3843937     
  -6.1634168173869929E-006
   5.2680152954171759E-006
   2846634208.8543344     
  -1.4917560610701444E-005
   1.1153376123095952E-006
  1000000000
  0.83897236235439776     
   37239096326.297745     
  -3.3115923588265938E-006
   2.4768914085878325E-006
   16268188052.007032     
  -2.7993656203758997E-006
  -5.6009370405926221E-006
   98109751370.324478     
  -1.5082762347912687E-006
  -2.0528743441357844E-006
   93242936752.570099     
   2.6044496187619817E-006
  -2.1159798125861432E-007
   24193262242.823036     
   4.7788132017510597E-006
  -1.8706630326139393E-006
   13215830554.549963     
  -6.3818045956949298E-006
  -2.7535551186564766E-006
   37256045407.985558     
   1.5689916395373511E-006
   3.8251946998733034E-006
   84105177482.934540     
   8.9706525460000628E-007
   2.6009879237873536E-006
   13453465140.457472     
  -3.2866268125862458E-006
   6.0538817303852740E-006
   99007448487.657303     
   8.8516716974651431E-007
  -2.3763051277830736E-006
   48521099095.521942     
  -2.4448286531201770E-006
   2.6732140347986415E-006
   96181947176.610199     
  -2.1213409515350711E-006
  -1.4557409074198886E-006
   96093291032.801086     
  -2.2838094726340665E-006
   1.1872619535087873E-006
   75569548731.989761     
  -2.0761825751141603E-006
   2.0284213838442582E-006
   64914332819.517677     
  -1.2258595428638957E-006
   2.8819278094195501E-006
   66823514993.972488     
  -3.0424778569043773E-006
   5.2084342191869534E-007
   88050023586.575363     
  -2.5550123749302750E-006
   8.3820265503036875E-007
   73233748341.284698     
  -2.0412297740771578E-006
   2.1277159447683201E-006
   69931311767.731232     
  -1.9660250215967986E-006
  -2.2889249865388705E-006
   53900420524.576828     
   2.2685354495319135E-006
  -2.5820177176164200E-006
   75131936785.977203     
   4.7771364834152597E-007
  -2.8715671641450972E-006
   82849220289.406876     
  -2.7698456411445212E-006
  -1.1221289435156593E-007
   1408734039.0892756     
   9.5360042039294526E-006
  -2.3466273914186721E-005
   23263045409.162743     
  -2.5390500193829254E-007
  -5.2275225733430864E-006
   41997122318.313179     
  -3.7645264267807099E-006
  -9.9563653545588554E-007
   63237257119.740562     
  -1.8669694050561277E-006
  -2.5657059767451979E-006
   5826665651.0060711     
   1.9402357651633898E-006
  -1.0350882041851117E-005
   66656783882.060432     
   1.1121997719756211E-007
  -3.0885947406472657E-006
   18605435135.125538     
  -5.0082494407951653E-006
   3.0304849395628421E-006
   58627869166.652649     
  -2.7749445320325486E-006
   1.7776155951349007E-006
   96142257298.427109     
   1.6087299406519389E-006
  -2.0084794975742557E-006
   29315769679.801296     
   4.3684040561231288E-006
  -1.6265425422115769E-006
   28724075394.214741     
  -6.4157035030773739E-007
  -4.6653094691628120E-006
   87951598642.664993     
  -2.6316812497116383E-006
  -5.5948054340958462E-007
   68021495703.377571     
   2.1029911583029165E-007
  -3.0521931066885890E-006
   24383595318.546188     
   9.7993297315729550E-007
  -5.0169954086593879E-006
   19454866233.278210     
  -8.1563269392789525E-007
  -5.6657712508548423E-006
   7145702110.5911980     
   2.3156770531489094E-006
  -9.1986058506778510E-006
   17521418822.691956     
   3.3073372735318190E-006
  -5.0452594825804878E-006
   22151696403.915745     
   3.7715835256513064E-006
   3.8136051702510556E-006
   43240300047.166565     
  -3.8140899366538764E-006
   4.2366377793670109E-007
   10575587353.462158     
  -6.3887478583408394E-006
   4.4330509854994525E-006
   24266918935.617203     
  -1.7273623311486513E-006
  -4.8241663272763215E-006
   13841888720.417645     
  -5.3281958488001465E-006
  -4.2098795401157395E-006
   94346531354.843216     
   2.0953665501961918E-006
  -1.5354131431114281E-006
   34218708485.771893     
  -2.3688232342892824E-006
  -3.6056985389326909E-006
   7907770635.8124361     
   9.0003889684354859E-006
   3.8745807412632930E-007
   49769076115.987709     
  -5.9204315255674306E-007
  -3.5275402698811374E-006
   69969053290.819550     
   1.5050049880683169E-007
  -3.0127843628625163E-006
   74487197701.979996     
   1.2760320588071540E-006
  -2.6304397020174235E-006
   13043269804.389509     
   6.2870088444357540E-006
   3.0701625279098506E-006
   54606265170.419861     
   2.6859454085156474E-006
  -2.1085581987663673E-006
   45621770962.356133     
   1.2091165171381529E-006
   3.5349240951457435E-006
   68830846553.110931     
  -6.1764363706617998E-007
   2.9780094278276593E-006
   83561885104.432159     
  -2.7602662538901176E-006
   4.2774547193810306E-009
   93281607586.937897     
  -1.9390427519517467E-006
  -1.7507752039893942E-006
   76881711219.336670     
   1.9757813263730719E-006
   2.0922472642657985E-006
   59760995064.971191     
   2.3820286903697632E-006
   2.2316350430792163E-006
   41068117206.473969     
   1.6023103491680086E-006
   3.5970482938244436E-006
   99970175706.692703     
   1.8558480928406019E-006
   1.7100419406132025E-006
   14336847987.711220     
  -2.7339874161233946E-006
  -6.0858992273196849E-006
   36653801263.906334     
  -6.5118180858362527E-007
   4.1171448015114717E-006
   12174741148.785070     
   6.8195226398044790E-006
   2.4416403029389990E-006
   63536402354.141357     
   9.9553916686525180E-007
   3.0049804108738482E-006
   16436013189.420176     
   3.4358120317669861E-006
  -5.1961821738206749E-006
   41014331142.481743     
  -1.3720347462003995E-006
  -3.6937815783210873E-006
   19356242463.442177     
  -1.5048532325584835E-006
   5.5379629057219530E-006
   68843837656.762039     
  -2.9754126440505861E-006
   6.2864737959498509E-007
   61648303212.429367     
  -3.1000706512466544E-006
  -8.4708902269315310E-007
   25200693224.949917     
   2.2587433417510942E-006
  -4.4922138719707700E-006
   15327638683.234200     
  -5.5240615160416528E-006
   3.3327958302390975E-006
   72081563828.954010     
   5.3272250427782384E-007
  -2.9238660994051084E-006
   82166652016.410538     
   4.6377809003696388E-007
   2.7447027365919934E-006
   12751249754.375051     
   6.4202373154884059E-006
  -2.9767201663623568E-006
   13549184940.985500     
   6.3542314363666291E-006
  -2.5957800543979882E-006
   29347955481.269283     
  -4.6580701601800365E-006
  -8.4377916256609984E-008
   98688636357.534332     
   2.4443453646380871E-006
  -6.9014345196338884E-007
   25301973043.378998     
  -3.4578284356243578E-006
  -3.6364778735524526E-006
   49424039060.573830     
  -2.1394587382329599E-006
   2.8820349651566856E-006
   3939736867.5412278     
  -1.2782453927124634E-005
  -1.9155813683207511E-006
   24261380397.310986     
   3.5934589159938912E-006
  -3.6536856131440609E-006
   45923529474.996315     
   8.1372342798671154E-007
   3.6336961120891836E-006
   29549614334.610909     
   4.5882453118541049E-006
  -7.1024618511941823E-007
   71791568039.636154     
   2.0650764625299016E-006
   2.1456774265553679E-006
   44154590792.294777     
  -3.6105783989841231E-006
  -1.1770290383795186E-006
   61549197935.922394     
  -3.2146837082556694E-006
  -1.0218038991308049E-007
   56636411507.924820     
  -2.0779170194104985E-006
   2.6314409374571526E-006
   34974074740.792702     
  -3.7117570349305728E-006
   2.1054511076889217E-006
   77387388400.997314     
  -2.6296004025581538E-006
   1.1455525725901363E-006
   50315450545.131805     
  -2.5192397280969265E-006
   2.5116729604565179E-006
   45925445388.320961     
   3.7196606980927210E-006
  -1.7157742540075512E-007
   69869007954.279556     
  -2.9651278400449059E-006
  -5.6618827909964720E-007
   18965320888.181484     
   5.7869040958142771E-006
  -3.5506769588941384E-007
   44697633319.223801     
  -1.3022517581287915E-006
   3.5426703700905642E-006
   44239160438.073250     
   3.7848460412406850E-006
   2.6273736674105299E-007
   6816293894.3907461     
   1.5787286369618867E-006
  -9.5878041593735376E-006
   37516361440.804451     
   3.8392007629386824E-006
   1.4952232170838854E-006
   43653827523.735741     
  -7.7521715510858791E-007
  -3.7398172219166415E-006
   20666863325.804714     
  -2.8950382149148567E-006
   4.7390681201348557E-006
   40104568352.259247     
   3.5258242593323548E-006
   1.8567435880346984E-006
